17927590
2697299999999999999999973045
10
100000
1000000000
952578454773666333794566249
426521520816017091607278093975854623422450827329016294945819219209
952578454773666333794566249
426521520816017091607278093975854623422450827329016294945819219209
82
123456
17927590
1499659165338
1026599617720584836937249191602543340517580246182329381990632735635402138
1000000392000075460009507960881863354199651331879217957959537065969771736516129827397158613831140735318202028632803349346226573726377053208169706459737673178096010018103009904463005348144413825902092105922872254246176628357876411617863270300645166153719836680247298534972535508170139791963614003433700643439218634051696549107453921835821751901837590819047873880867625632360999999929618758304721519820041852747158802376445906556679276138138975356744347035502294016359371066982809621999568160225098060193601
10038
2
Error
35
3778959
0
1
0
1
482256
40
0
0
0
0
5904
3
0
1
2
0
0
100313
0
0
0
140
0
4
0
0
58988
0
949766
0
169991
1
1692114204863215761936828018565916901710537894
15848094449059929699805248
28633499342592144601069189371793864012379040505612066450065165066168391952057714872793382702275147271184098795812665308672021
263334604386424204327799555536935015383768230335116569968102657341743630532291643457132040188968678570725656065617709406240797315556809752063620084951423780907840011531306116993786873412096424794520988562246587293394232177271554400601475115179
1111111077777778444333325558888955488888556333335204028076475802856
751262206837694237333058377958088050
5085895040147864995603674614510086038512715901255804603303543193185173859245624420865907729549374508283356727
134444432344445049430979027877223206154810764208871003570252505728773578288652793280557955091208535835483964272211773979145246726610066547764000180921950208125389735
